107 	0.480766
1684	0.338045
3437	0.236363
1912	0.229543
1085	0.149263
0   	0.146554
698 	0.115578
567 	0.096558
58  	0.084608
428 	0.064557
563 	0.063028
860 	0.058074
414 	0.047881
1577	0.040032
348 	0.038246
1718	0.037591
686 	0.029970
594 	0.029051
136 	0.027118
3980	0.025068
1465	0.024820
171 	0.015740
862 	0.011995
483 	0.010556
2543	0.007852
3830	0.006685
376 	0.006443
1666	0.006422
1420	0.006304
1534	0.006196
713 	0.005262
475 	0.005246
1405	0.004345
828 	0.004211
1505	0.004030
745 	0.003884
173 	0.003879
34  	0.003850
719 	0.003531
2347	0.003448
1165	0.003409
805 	0.003300
484 	0.003146
747 	0.002963
1171	0.002760
830 	0.002619
703 	0.002528
353 	0.002388
1361	0.002246
697 	0.002212
596 	0.002164
823 	0.002133
3756	0.002104
389 	0.002064
526 	0.002043
566 	0.002035
1941	0.001975
4031	0.001958
2266	0.001956
1642	0.001930
517 	0.001921
198 	0.001911
3877	0.001895
651 	0.001839
3684	0.001833
119 	0.001771
637 	0.001766
1656	0.001753
2047	0.001724
363 	0.001700
580 	0.001689
1419	0.001676
2007	0.001671
2542	0.001605
3495	0.001602
3561	0.001573
1758	0.001555
3633	0.001554
538 	0.001532
803 	0.001515
2468	0.001461
3851	0.001434
366 	0.001424
3456	0.001411
3948	0.001400
3677	0.001389
990 	0.001360
1352	0.001359
1663	0.001348
810 	0.001335
56  	0.001333
2289	0.001333
800 	0.001316
2133	0.001261
819 	0.001258
2189	0.001251
606 	0.001245
774 	0.001235
322 	0.001211
1173	0.001190
21  	0.001186
2268	0.001181
1126	0.001165
67  	0.001160
3861	0.001155
1687	0.001154
1726	0.001115
412 	0.001115
1621	0.001110
373 	0.001106
1835	0.001069
2117	0.001047
3674	0.001042
1376	0.001039
3173	0.001028
3577	0.001008
925 	0.001004
1553	0.001003
3592	0.000994
122 	0.000993
419 	0.000991
798 	0.000990
3525	0.000982
916 	0.000964
1074	0.000956
420 	0.000947
3454	0.000940
1317	0.000934
1954	0.000929
1536	0.000928
553 	0.000918
1450	0.000916
315 	0.000905
840 	0.000882
1029	0.000879
1522	0.000878
1483	0.000878
460 	0.000869
708 	0.000859
3501	0.000858
1086	0.000851
1289	0.000842
395 	0.000838
304 	0.000837
3440	0.000836
2199	0.000831
609 	0.000828
2143	0.000814
497 	0.000813
1593	0.000801
1688	0.000798
2642	0.000795
1847	0.000790
2283	0.000788
1193	0.000785
3962	0.000785
1334	0.000783
641 	0.000782
1098	0.000782
1070	0.000781
2038	0.000776
1136	0.000769
1509	0.000756
1926	0.000750
856 	0.000748
285 	0.000747
3989	0.000736
3797	0.000736
3540	0.000735
513 	0.000730
772 	0.000720
213 	0.000716
3750	0.000712
1537	0.000706
2081	0.000703
2384	0.000697
1617	0.000696
3721	0.000692
2512	0.000688
3550	0.000686
1338	0.000684
3872	0.000682
3651	0.000682
601 	0.000675
1540	0.000670
3886	0.000668
1702	0.000664
391 	0.000660
2111	0.000660
500 	0.000657
169 	0.000650
422 	0.000633
908 	0.000633
525 	0.000633
921 	0.000630
3556	0.000617
857 	0.000617
2054	0.000610
804 	0.000610
2176	0.000606
3692	0.000605
3101	0.000605
324 	0.000605
370 	0.000596
2328	0.000592
465 	0.000582
339 	0.000575
1590	0.000573
561 	0.000570
456 	0.000568
590 	0.000559
2333	0.000559
1806	0.000555
917 	0.000554
1369	0.000550
3263	0.000544
2292	0.000543
2128	0.000541
1178	0.000540
3943	0.000539
559 	0.000538
374 	0.000537
400 	0.000533
542 	0.000529
1360	0.000524
1518	0.000523
2325	0.000523
3487	0.000522
1312	0.000522
1555	0.000522
2302	0.000514
1574	0.000514
1584	0.000512
1523	0.000511
2247	0.000506
2869	0.000506
2072	0.000504
436 	0.000498
2336	0.000495
2510	0.000492
492 	0.000491
1217	0.000491
1028	0.000489
1549	0.000488
2031	0.000486
2498	0.000485
402 	0.000482
1274	0.000482
531 	0.000480
2327	0.000479
2511	0.000475
423 	0.000470
2419	0.000470
2472	0.000469
2102	0.000467
2032	0.000464
2598	0.000464
1782	0.000464
360 	0.000463
2398	0.000463
2132	0.000462
431 	0.000462
1513	0.000462
461 	0.000459
2068	0.000459
1182	0.000458
387 	0.000456
2282	0.000454
1109	0.000453
1545	0.000453
2509	0.000449
2174	0.000448
1909	0.000445
520 	0.000445
1825	0.000444
503 	0.000442
1226	0.000441
2491	0.000439
1358	0.000439
1783	0.000437
504 	0.000436
1237	0.000433
1911	0.000432
1327	0.000430
308 	0.000426
3723	0.000425
1945	0.000423
1863	0.000422
2451	0.000422
524 	0.000420
2617	0.000419
463 	0.000418
7   	0.000418
3385	0.000413
156 	0.000413
1618	0.000411
3741	0.000410
1197	0.000410
2087	0.000408
2629	0.000408
80  	0.000407
515 	0.000406
2417	0.000406
417 	0.000405
1077	0.000403
507 	0.000402
1431	0.000402
2368	0.000401
1800	0.000401
439 	0.000398
2026	0.000398
2071	0.000398
2399	0.000398
1511	0.000396
455 	0.000395
3111	0.000395
2223	0.000394
1307	0.000391
2250	0.000390
604 	0.000390
146 	0.000389
2501	0.000389
2461	0.000388
1846	0.000386
3258	0.000386
1425	0.000385
2344	0.000384
1730	0.000384
1485	0.000383
645 	0.000383
2319	0.000382
930 	0.000382
2313	0.000382
2138	0.000382
1985	0.000380
438 	0.000378
2471	0.000377
1088	0.000377
2153	0.000377
1626	0.000376
3961	0.000376
3609	0.000375
2203	0.000374
1866	0.000374
2127	0.000373
397 	0.000372
1947	0.000370
506 	0.000369
388 	0.000367
3020	0.000366
1888	0.000366
1620	0.000365
2116	0.000364
1458	0.000363
1320	0.000363
2187	0.000363
3265	0.000362
2233	0.000362
2951	0.000362
432 	0.000361
1013	0.000361
1768	0.000360
452 	0.000359
378 	0.000359
591 	0.000359
1408	0.000358
951 	0.000356
1964	0.000356
434 	0.000356
3019	0.000356
2394	0.000355
1959	0.000354
683 	0.000354
1692	0.000353
2529	0.000353
2183	0.000353
2294	0.000353
2279	0.000352
2458	0.000352
1328	0.000351
1939	0.000350
269 	0.000350
1972	0.000349
1813	0.000349
1128	0.000348
2224	0.000347
2730	0.000347
769 	0.000347
915 	0.000346
1494	0.000345
3248	0.000345
2616	0.000344
2389	0.000344
1604	0.000344
1440	0.000344
2594	0.000343
408 	0.000343
150 	0.000343
2155	0.000343
2062	0.000342
103 	0.000342
546 	0.000342
404 	0.000342
544 	0.000342
2863	0.000342
3100	0.000341
1435	0.000341
2649	0.000341
3406	0.000340
2042	0.000339
2264	0.000338
2142	0.000338
2364	0.000337
556 	0.000337
896 	0.000337
1277	0.000336
962 	0.000335
1883	0.000335
1973	0.000334
1745	0.000334
1622	0.000334
2533	0.000334
1114	0.000333
1612	0.000333
3154	0.000333
946 	0.000333
1827	0.000332
1995	0.000331
1238	0.000330
405 	0.000330
2475	0.000330
1210	0.000329
2171	0.000329
2724	0.000328
392 	0.000328
527 	0.000328
2508	0.000327
3397	0.000327
472 	0.000327
1761	0.000326
1472	0.000326
1951	0.000326
416 	0.000326
2547	0.000326
1808	0.000326
2003	0.000325
350 	0.000325
3291	0.000325
1487	0.000325
2608	0.000324
457 	0.000324
514 	0.000323
427 	0.000323
516 	0.000323
1852	0.000323
554 	0.000323
1377	0.000322
2284	0.000321
1480	0.000321
2267	0.000321
1567	0.000320
2592	0.000319
1598	0.000319
369 	0.000319
1104	0.000319
2463	0.000318
1778	0.000318
1746	0.000318
469 	0.000318
2643	0.000316
1199	0.000316
3604	0.000316
2385	0.000315
2597	0.000315
1374	0.000314
1446	0.000314
2001	0.000314
629 	0.000313
545 	0.000313
2538	0.000313
1473	0.000313
2640	0.000312
2254	0.000312
1780	0.000312
1025	0.000312
2149	0.000312
1421	0.000312
1769	0.000312
3090	0.000311
1329	0.000311
1630	0.000311
3280	0.000311
510 	0.000311
2716	0.000310
2180	0.000310
3302	0.000310
508 	0.000310
1204	0.000310
1955	0.000310
537 	0.000310
3320	0.000309
2459	0.000308
1948	0.000308
2588	0.000308
2555	0.000308
2039	0.000307
415 	0.000307
634 	0.000307
2018	0.000307
1591	0.000307
1146	0.000307
2004	0.000307
2225	0.000306
2502	0.000306
3233	0.000305
2839	0.000305
1179	0.000305
2754	0.000305
2567	0.000305
1998	0.000304
1705	0.000304
1991	0.000304
2024	0.000303
1196	0.000303
3186	0.000303
2647	0.000303
649 	0.000303
2101	0.000303
630 	0.000302
1794	0.000302
1528	0.000302
3051	0.000302
3366	0.000302
444 	0.000302
1471	0.000302
25  	0.000302
1512	0.000301
2053	0.000301
3363	0.000301
1559	0.000301
1175	0.000301
2526	0.000301
1588	0.000300
3426	0.000300
1235	0.000300
1916	0.000300
473 	0.000300
3002	0.000300
1740	0.000299
3521	0.000299
1467	0.000299
479 	0.000299
1221	0.000299
1014	0.000299
1836	0.000299
3596	0.000299
2324	0.000299
3168	0.000299
3201	0.000299
1410	0.000299
1427	0.000298
357 	0.000298
3330	0.000298
3140	0.000298
1390	0.000297
3198	0.000297
3256	0.000297
1589	0.000297
2125	0.000297
1187	0.000297
1367	0.000297
1078	0.000296
1192	0.000296
3214	0.000296
2447	0.000296
2560	0.000295
2589	0.000295
3082	0.000295
1976	0.000295
3117	0.000295
1844	0.000295
1399	0.000295
2742	0.000295
1881	0.000294
87  	0.000294
3162	0.000294
2946	0.000293
1803	0.000293
3179	0.000293
1475	0.000293
471 	0.000293
1222	0.000293
3304	0.000293
120 	0.000292
3136	0.000292
1305	0.000292
2583	0.000292
1313	0.000292
1804	0.000292
1049	0.000292
518 	0.000291
3545	0.000291
2144	0.000291
523 	0.000291
2194	0.000291
2378	0.000291
993 	0.000290
953 	0.000290
2494	0.000290
1674	0.000289
1124	0.000289
2436	0.000289
3331	0.000289
2246	0.000289
1613	0.000289
2904	0.000289
646 	0.000289
1391	0.000288
1932	0.000288
1786	0.000288
1343	0.000288
2659	0.000288
2445	0.000288
2278	0.000288
496 	0.000288
1920	0.000288
451 	0.000288
3005	0.000288
2009	0.000288
3011	0.000288
1075	0.000288
1255	0.000288
1833	0.000287
2065	0.000287
967 	0.000287
3274	0.000287
1080	0.000287
277 	0.000287
1637	0.000287
1052	0.000287
3038	0.000287
3289	0.000287
2027	0.000287
246 	0.000286
2343	0.000286
2148	0.000286
3116	0.000286
3938	0.000286
1155	0.000286
3027	0.000286
549 	0.000286
2901	0.000286
1610	0.000286
3342	0.000286
1703	0.000285
2135	0.000285
2764	0.000285
2611	0.000285
3077	0.000285
3360	0.000285
2660	0.000285
2780	0.000285
1447	0.000285
1211	0.000285
995 	0.000285
1557	0.000285
2778	0.000284
3386	0.000284
1861	0.000284
1373	0.000284
3150	0.000284
3097	0.000284
2636	0.000284
430 	0.000284
1110	0.000284
1707	0.000284
1048	0.000284
3327	0.000283
1529	0.000283
480 	0.000283
1300	0.000283
570 	0.000283
1683	0.000283
1469	0.000283
705 	0.000283
512 	0.000283
678 	0.000283
2738	0.000283
2229	0.000283
2748	0.000283
1714	0.000283
1791	0.000282
3152	0.000282
968 	0.000282
2979	0.000282
3034	0.000282
2944	0.000282
3076	0.000282
1680	0.000282
3185	0.000282
2372	0.000282
3434	0.000281
2653	0.000281
1551	0.000281
2137	0.000281
2241	0.000281
1694	0.000281
2693	0.000281
2332	0.000281
2976	0.000280
2719	0.000280
1032	0.000280
2239	0.000280
3324	0.000280
1709	0.000280
1554	0.000280
776 	0.000280
2377	0.000280
3017	0.000280
217 	0.000279
1059	0.000279
482 	0.000279
3107	0.000279
1017	0.000279
1828	0.000279
1899	0.000279
2793	0.000279
2126	0.000279
1725	0.000279
3072	0.000279
1148	0.000279
1893	0.000279
1839	0.000278
1897	0.000278
980 	0.000278
2169	0.000278
2883	0.000278
1214	0.000278
1459	0.000278
1611	0.000278
1366	0.000278
3350	0.000277
1845	0.000277
2355	0.000277
493 	0.000277
558 	0.000277
1322	0.000277
2134	0.000277
2037	0.000277
1273	0.000276
1409	0.000276
2635	0.000276
2781	0.000276
1160	0.000276
1250	0.000276
1729	0.000276
2661	0.000276
1790	0.000276
1831	0.000276
1675	0.000276
3353	0.000276
1345	0.000276
1573	0.000276
3295	0.000275
407 	0.000275
271 	0.000275
2624	0.000275
2707	0.000275
2966	0.000275
1817	0.000274
1006	0.000274
1460	0.000274
3412	0.000274
1184	0.000274
2052	0.000274
1515	0.000274
3411	0.000274
3084	0.000274
1331	0.000274
3035	0.000274
1357	0.000274
2813	0.000274
2157	0.000274
3026	0.000273
913 	0.000273
2337	0.000273
1736	0.000273
1983	0.000273
2309	0.000273
2163	0.000273
1661	0.000273
1272	0.000273
163 	0.000273
3705	0.000273
3104	0.000273
2351	0.000273
1283	0.000273
2877	0.000272
2060	0.000272
2694	0.000272
3396	0.000272
1720	0.000272
3584	0.000272
639 	0.000272
2232	0.000271
1639	0.000271
1876	0.000271
1717	0.000271
2002	0.000271
2915	0.000271
2734	0.000271
1871	0.000271
2786	0.000271
435 	0.000271
3335	0.000271
927 	0.000271
1894	0.000271
1330	0.000271
1166	0.000271
1864	0.000271
2881	0.000271
3232	0.000270
1583	0.000270
3087	0.000270
367 	0.000270
978 	0.000270
3253	0.000270
3680	0.000270
1697	0.000270
2571	0.000270
1569	0.000270
1600	0.000270
1867	0.000270
1488	0.000270
421 	0.000270
3001	0.000270
2677	0.000270
534 	0.000270
2084	0.000270
1256	0.000270
1001	0.000270
1799	0.000270
3365	0.000270
3062	0.000270
2683	0.000270
1076	0.000270
3321	0.000269
3345	0.000269
3060	0.000269
1158	0.000269
1275	0.000269
3442	0.000269
1966	0.000269
2530	0.000269
2890	0.000269
2992	0.000269
3672	0.000269
2215	0.000269
1437	0.000269
2665	0.000269
3079	0.000269
2410	0.000269
3918	0.000268
1159	0.000268
2298	0.000268
1191	0.000268
557 	0.000268
2787	0.000268
3930	0.000268
1570	0.000268
3240	0.000268
669 	0.000268
1107	0.000268
3838	0.000268
1189	0.000268
252 	0.000268
960 	0.000268
3793	0.000268
1519	0.000267
3299	0.000267
2968	0.000267
2056	0.000267
3403	0.000267
2999	0.000267
2729	0.000267
1902	0.000267
511 	0.000267
459 	0.000267
1662	0.000267
3245	0.000267
1520	0.000267
2679	0.000267
3278	0.000267
26  	0.000267
2928	0.000267
1337	0.000267
3347	0.000267
1371	0.000267
1628	0.000267
2958	0.000267
3355	0.000267
2330	0.000267
2478	0.000267
272 	0.000267
1807	0.000267
947 	0.000267
2413	0.000267
2395	0.000267
1185	0.000266
1003	0.000266
2758	0.000266
3506	0.000266
1699	0.000266
1284	0.000266
239 	0.000266
2322	0.000266
2782	0.000266
1066	0.000266
2235	0.000266
1117	0.000266
1793	0.000266
2191	0.000266
1750	0.000266
1502	0.000266
1614	0.000266
729 	0.000266
1227	0.000266
2516	0.000266
464 	0.000266
2300	0.000266
3387	0.000265
1993	0.000265
2610	0.000265
2894	0.000265
1970	0.000265
1770	0.000265
1132	0.000265
2669	0.000265
1742	0.000265
3404	0.000265
1393	0.000265
1886	0.000265
3758	0.000265
3178	0.000265
3145	0.000265
2950	0.000265
394 	0.000265
2602	0.000265
1101	0.000265
1879	0.000265
2151	0.000265
1765	0.000265
1243	0.000265
2131	0.000265
897 	0.000265
1041	0.000265
2345	0.000264
1823	0.000264
3593	0.000264
2964	0.000264
1516	0.000264
1010	0.000264
2927	0.000264
2040	0.000264
1122	0.000264
1456	0.000264
203 	0.000264
1416	0.000264
3089	0.000264
9   	0.000264
2150	0.000264
2956	0.000264
2936	0.000264
2145	0.000264
1349	0.000264
2093	0.000264
2550	0.000264
2376	0.000264
1449	0.000264
3113	0.000264
2069	0.000264
1757	0.000264
3078	0.000264
1671	0.000264
1332	0.000264
1479	0.000264
3054	0.000264
433 	0.000264
2772	0.000263
1347	0.000263
1525	0.000263
2892	0.000263
3000	0.000263
2544	0.000263
3267	0.000263
2785	0.000263
824 	0.000263
3049	0.000263
1563	0.000263
1940	0.000263
2865	0.000263
3369	0.000263
2986	0.000263
2943	0.000263
1261	0.000263
1153	0.000263
1645	0.000263
1429	0.000263
3172	0.000263
2210	0.000263
1259	0.000263
2913	0.000263
2604	0.000263
1496	0.000263
2668	0.000263
3362	0.000263
1669	0.000263
1269	0.000263
2361	0.000263
1603	0.000263
2960	0.000263
3351	0.000262
1561	0.000262
694 	0.000262
3417	0.000262
3611	0.000262
2259	0.000262
2185	0.000262
2218	0.000262
2334	0.000262
1609	0.000262
3177	0.000262
1230	0.000262
1868	0.000262
2833	0.000262
2226	0.000262
2955	0.000262
1123	0.000262
1170	0.000262
3906	0.000262
3118	0.000262
1913	0.000262
941 	0.000262
2909	0.000262
541 	0.000262
1495	0.000262
1504	0.000262
1012	0.000262
1608	0.000262
2428	0.000262
2921	0.000262
2996	0.000262
982 	0.000262
2582	0.000262
200 	0.000262
543 	0.000262
40  	0.000262
3252	0.000261
3222	0.000261
688 	0.000261
1767	0.000261
1436	0.000261
2107	0.000261
1290	0.000261
1882	0.000261
2989	0.000261
2841	0.000261
3182	0.000261
329 	0.000261
3277	0.000261
1597	0.000261
3829	0.000261
781 	0.000261
1311	0.000261
2962	0.000261
1665	0.000261
555 	0.000261
1719	0.000261
1741	0.000261
2028	0.000261
2973	0.000261
1335	0.000261
2211	0.000261
924 	0.000261
1246	0.000261
3344	0.000261
3115	0.000261
1923	0.000261
3361	0.000261
2078	0.000261
1858	0.000261
3586	0.000261
653 	0.000261
1172	0.000261
2914	0.000261
3188	0.000261
1341	0.000261
1067	0.000261
1344	0.000261
2507	0.000261
1644	0.000261
1231	0.000261
3287	0.000261
3033	0.000261
64  	0.000261
189 	0.000261
2434	0.000261
2690	0.000261
1282	0.000260
2605	0.000260
3119	0.000260
2836	0.000260
1816	0.000260
1842	0.000260
2462	0.000260
3196	0.000260
2718	0.000260
3137	0.000260
2285	0.000260
1339	0.000260
3275	0.000260
592 	0.000260
1024	0.000260
579 	0.000260
3224	0.000260
954 	0.000260
1491	0.000260
1083	0.000260
2293	0.000260
1543	0.000260
2429	0.000260
2206	0.000260
2806	0.000260
1744	0.000260
654 	0.000260
2920	0.000260
170 	0.000260
1685	0.000260
1689	0.000260
3205	0.000260
2825	0.000260
3617	0.000260
332 	0.000260
3296	0.000260
991 	0.000260
3319	0.000260
2910	0.000260
2676	0.000260
724 	0.000260
2871	0.000259
2196	0.000259
1026	0.000259
1678	0.000259
1809	0.000259
2553	0.000259
2240	0.000259
3568	0.000259
3526	0.000259
1242	0.000259
2088	0.000259
2499	0.000259
1820	0.000259
3272	0.000259
2404	0.000259
2867	0.000259
1428	0.000259
2777	0.000259
3124	0.000259
584 	0.000259
2906	0.000259
3132	0.000259
2540	0.000259
2706	0.000259
1727	0.000259
2810	0.000259
2757	0.000259
1851	0.000259
1943	0.000259
2763	0.000259
2242	0.000259
3346	0.000259
53  	0.000259
3191	0.000259
1004	0.000259
1724	0.000259
3288	0.000258
481 	0.000258
2198	0.000258
1576	0.000258
1872	0.000258
2925	0.000258
2603	0.000258
3971	0.000258
2172	0.000258
2711	0.000258
906 	0.000258
1619	0.000258
1616	0.000258
2123	0.000258
1149	0.000258
3146	0.000258
1960	0.000258
1135	0.000258
560 	0.000258
1787	0.000258
2937	0.000258
2812	0.000258
1156	0.000258
1215	0.000258
3348	0.000258
2916	0.000258
1448	0.000258
1975	0.000258
2103	0.000258
188 	0.000258
2875	0.000258
1125	0.000258
2339	0.000258
280 	0.000258
2715	0.000258
3825	0.000258
2391	0.000258
2828	0.000258
2095	0.000258
1236	0.000258
1258	0.000258
368 	0.000258
2866	0.000258
2849	0.000258
3419	0.000258
1051	0.000258
618 	0.000258
2751	0.000258
2800	0.000258
1636	0.000258
2369	0.000258
2551	0.000258
3204	0.000258
614 	0.000258
1721	0.000258
2331	0.000258
2755	0.000258
3298	0.000258
3395	0.000258
2826	0.000258
1596	0.000258
2273	0.000258
680 	0.000258
3056	0.000258
1668	0.000258
1650	0.000258
1752	0.000258
2919	0.000258
1129	0.000258
1037	0.000258
3966	0.000258
3261	0.000258
2590	0.000258
1810	0.000258
3378	0.000257
2129	0.000257
3025	0.000257
942 	0.000257
2184	0.000257
973 	0.000257
1304	0.000257
2575	0.000257
1019	0.000257
1453	0.000257
1020	0.000257
1843	0.000257
539 	0.000257
2317	0.000257
1079	0.000257
3420	0.000257
1412	0.000257
1789	0.000257
3764	0.000257
3341	0.000257
3968	0.000257
2662	0.000257
3409	0.000257
2564	0.000257
957 	0.000257
2607	0.000257
199 	0.000257
1673	0.000257
3332	0.000257
1497	0.000257
1735	0.000257
3052	0.000257
3279	0.000257
620 	0.000257
1548	0.000257
2664	0.000257
2775	0.000257
2873	0.000257
1819	0.000257
1785	0.000257
3184	0.000257
3529	0.000257
1223	0.000257
449 	0.000257
825 	0.000257
2397	0.000257
1722	0.000257
1482	0.000257
1571	0.000257
291 	0.000257
2720	0.000257
3558	0.000257
2340	0.000257
3114	0.000257
1370	0.000257
2739	0.000257
3226	0.000257
2784	0.000257
3690	0.000257
1470	0.000257
2938	0.000257
1021	0.000257
2537	0.000257
3219	0.000257
1984	0.000257
3046	0.000257
3800	0.000257
3081	0.000257
3255	0.000257
2741	0.000257
827 	0.000257
3455	0.000257
2236	0.000257
1444	0.000257
1860	0.000257
2412	0.000257
1547	0.000257
1779	0.000257
2438	0.000257
1423	0.000257
2244	0.000257
1205	0.000257
3945	0.000256
1303	0.000256
1910	0.000256
3448	0.000256
829 	0.000256
1060	0.000256
3869	0.000256
2674	0.000256
359 	0.000256
2073	0.000256
1712	0.000256
1291	0.000256
2188	0.000256
3902	0.000256
2932	0.000256
1359	0.000256
3211	0.000256
3842	0.000256
966 	0.000256
1280	0.000256
2049	0.000256
2750	0.000256
1209	0.000256
2832	0.000256
2783	0.000256
2338	0.000256
3259	0.000256
728 	0.000256
3010	0.000256
1106	0.000256
3195	0.000256
3464	0.000256
172 	0.000256
3824	0.000256
1507	0.000256
1682	0.000256
1095	0.000256
2864	0.000256
1531	0.000256
3303	0.000256
125 	0.000256
2433	0.000256
934 	0.000256
2464	0.000256
3782	0.000256
2156	0.000256
932 	0.000256
1850	0.000256
2600	0.000256
2414	0.000256
355 	0.000256
1229	0.000256
3313	0.000256
2796	0.000256
186 	0.000256
1849	0.000256
1754	0.000256
2822	0.000256
2173	0.000256
1605	0.000256
1857	0.000256
236 	0.000256
2064	0.000256
1462	0.000256
3187	0.000256
2728	0.000256
820 	0.000256
3022	0.000256
2387	0.000256
677 	0.000256
3468	0.000256
1898	0.000256
3511	0.000256
1113	0.000256
313 	0.000256
1267	0.000256
644 	0.000256
3073	0.000256
2994	0.000256
2420	0.000256
323 	0.000256
2506	0.000255
2675	0.000255
3734	0.000255
3203	0.000255
2231	0.000255
1054	0.000255
784 	0.000255
2646	0.000255
1538	0.000255
3415	0.000255
202 	0.000255
1917	0.000255
2085	0.000255
3737	0.000255
3221	0.000255
3553	0.000255
2827	0.000255
1716	0.000255
997 	0.000255
2161	0.000255
3120	0.000255
1056	0.000255
2409	0.000255
2601	0.000255
3821	0.000255
3018	0.000255
1706	0.000255
1183	0.000255
2939	0.000255
2335	0.000255
3738	0.000255
2348	0.000255
589 	0.000255
1824	0.000255
82  	0.000255
2396	0.000255
1885	0.000255
2154	0.000255
2795	0.000255
1946	0.000255
1938	0.000255
564 	0.000255
1302	0.000255
3106	0.000255
1068	0.000255
1962	0.000255
2200	0.000255
2988	0.000255
3207	0.000255
3629	0.000255
2220	0.000255
2488	0.000255
2518	0.000255
2411	0.000255
1011	0.000255
2063	0.000255
1826	0.000255
1686	0.000255
770 	0.000255
2304	0.000255
2872	0.000255
2030	0.000255
1120	0.000255
1875	0.000255
1415	0.000255
2367	0.000255
3431	0.000255
1047	0.000255
1018	0.000255
815 	0.000255
261 	0.000255
2581	0.000255
994 	0.000255
1774	0.000255
2713	0.000255
2271	0.000255
3057	0.000255
2615	0.000255
2745	0.000255
2759	0.000255
351 	0.000255
849 	0.000255
2561	0.000255
1971	0.000255
2029	0.000255
753 	0.000255
3339	0.000255
23  	0.000255
2425	0.000255
616 	0.000255
1348	0.000255
3804	0.000255
1514	0.000255
2844	0.000255
1384	0.000255
2058	0.000255
2931	0.000255
1064	0.000255
1979	0.000255
2222	0.000254
2520	0.000254
2443	0.000254
3086	0.000254
2341	0.000254
98  	0.000254
3900	0.000254
1565	0.000254
2118	0.000254
2905	0.000254
2768	0.000254
3449	0.000254
3927	0.000254
3722	0.000254
2969	0.000254
1623	0.000254
2392	0.000254
3926	0.000254
1837	0.000254
1660	0.000254
3810	0.000254
3576	0.000254
547 	0.000254
1986	0.000254
3625	0.000254
1392	0.000254
3422	0.000254
312 	0.000254
3790	0.000254
2201	0.000254
1009	0.000254
1324	0.000254
1677	0.000254
1245	0.000254
2326	0.000254
2342	0.000254
2862	0.000254
1818	0.000254
2228	0.000254
1632	0.000254
1743	0.000254
3016	0.000254
2473	0.000254
3098	0.000254
1580	0.000254
3394	0.000254
2840	0.000254
3508	0.000254
2315	0.000254
2091	0.000254
2121	0.000254
3149	0.000254
3148	0.000254
2854	0.000254
3794	0.000254
853 	0.000254
1859	0.000254
2371	0.000254
2689	0.000254
2848	0.000254
961 	0.000254
3605	0.000254
3036	0.000254
3612	0.000254
1715	0.000254
3096	0.000254
1163	0.000254
1296	0.000254
3215	0.000254
695 	0.000254
1288	0.000254
2753	0.000254
1271	0.000254
2323	0.000254
3293	0.000254
3328	0.000254
2623	0.000254
2275	0.000254
548 	0.000254
3924	0.000254
1667	0.000254
109 	0.000253
1781	0.000253
1533	0.000253
494 	0.000253
1130	0.000253
3433	0.000253
1585	0.000253
3174	0.000253
2059	0.000253
2803	0.000253
118 	0.000253
487 	0.000253
2536	0.000253
1350	0.000253
398 	0.000253
1732	0.000253
2318	0.000253
1247	0.000253
1634	0.000253
3496	0.000253
2625	0.000253
2880	0.000253
2092	0.000253
2448	0.000253
2558	0.000253
1925	0.000253
2381	0.000253
346 	0.000253
1643	0.000253
2329	0.000253
2500	0.000253
2090	0.000253
396 	0.000253
3158	0.000253
2449	0.000253
1298	0.000253
1062	0.000253
2043	0.000253
2819	0.000253
948 	0.000253
3460	0.000253
739 	0.000253
963 	0.000253
2853	0.000253
1426	0.000253
409 	0.000253
1891	0.000253
1919	0.000253
2482	0.000253
2868	0.000253
3542	0.000253
1407	0.000253
2406	0.000253
48  	0.000253
2743	0.000253
3628	0.000253
1994	0.000253
2112	0.000253
3075	0.000253
113 	0.000253
3488	0.000253
2896	0.000253
1753	0.000253
2214	0.000253
3931	0.000253
1535	0.000253
1980	0.000253
142 	0.000253
1388	0.000253
2492	0.000253
3779	0.000253
2666	0.000253
1795	0.000253
2243	0.000253
2702	0.000253
3731	0.000253
3410	0.000253
1530	0.000253
3466	0.000253
2698	0.000253
2940	0.000253
1207	0.000253
19  	0.000253
462 	0.000253
372 	0.000253
1544	0.000253
2350	0.000253
2460	0.000253
2465	0.000253
3873	0.000253
3176	0.000253
2521	0.000253
1652	0.000253
446 	0.000253
1413	0.000253
3231	0.000253
2630	0.000253
3947	0.000253
2593	0.000253
1318	0.000253
31  	0.000253
2033	0.000253
1454	0.000253
3505	0.000253
2221	0.000253
1131	0.000253
999 	0.000253
2104	0.000253
2440	0.000253
2366	0.000253
2354	0.000253
3212	0.000253
1595	0.000253
3225	0.000253
2139	0.000253
535 	0.000253
2430	0.000253
2993	0.000253
1404	0.000253
2712	0.000253
2586	0.000253
158 	0.000253
3070	0.000252
361 	0.000252
3956	0.000252
1624	0.000252
3803	0.000252
1647	0.000252
1982	0.000252
3640	0.000252
1918	0.000252
2749	0.000252
2735	0.000252
2290	0.000252
2296	0.000252
41  	0.000252
458 	0.000252
2945	0.000252
2045	0.000252
2644	0.000252
1161	0.000252
3514	0.000252
1278	0.000252
2573	0.000252
3891	0.000252
2773	0.000252
2140	0.000252
617 	0.000252
3555	0.000252
3080	0.000252
3559	0.000252
3475	0.000252
3836	0.000252
88  	0.000252
1268	0.000252
3400	0.000252
4030	0.000252
1035	0.000252
2474	0.000252
3129	0.000252
4023	0.000252
1323	0.000252
2124	0.000252
842 	0.000252
964 	0.000252
2257	0.000252
3276	0.000252
2911	0.000252
2870	0.000252
2631	0.000252
2619	0.000252
944 	0.000252
3702	0.000252
3719	0.000252
1040	0.000252
2207	0.000252
2667	0.000252
2295	0.000252
3223	0.000252
528 	0.000252
3297	0.000252
1492	0.000252
3239	0.000252
3826	0.000252
3747	0.000252
2423	0.000252
1862	0.000252
2363	0.000252
1566	0.000252
320 	0.000252
2546	0.000252
3534	0.000252
666 	0.000252
2288	0.000252
2280	0.000252
3831	0.000252
3469	0.000252
1181	0.000252
766 	0.000252
2818	0.000252
325 	0.000252
1406	0.000252
3257	0.000252
3870	0.000252
2352	0.000252
1314	0.000252
1092	0.000252
1100	0.000252
3220	0.000252
1659	0.000252
2949	0.000252
2570	0.000252
2253	0.000252
3041	0.000252
2978	0.000252
1281	0.000252
3171	0.000252
3007	0.000252
1658	0.000252
1380	0.000252
2700	0.000252
2146	0.000252
1811	0.000252
334 	0.000252
1772	0.000252
1309	0.000252
2147	0.000252
2152	0.000252
2874	0.000252
933 	0.000252
834 	0.000252
2504	0.000252
3381	0.000252
2680	0.000252
3329	0.000252
2299	0.000252
3247	0.000252
2190	0.000252
2807	0.000252
3284	0.000252
773 	0.000252
3393	0.000252
718 	0.000252
2672	0.000252
2276	0.000252
1921	0.000251
2762	0.000251
3206	0.000251
3693	0.000251
2655	0.000251
2618	0.000251
2696	0.000251
2991	0.000251
687 	0.000251
1594	0.000251
1432	0.000251
734 	0.000251
3610	0.000251
1988	0.000251
3950	0.000251
1385	0.000251
2923	0.000251
1691	0.000251
2287	0.000251
3307	0.000251
2446	0.000251
1375	0.000251
2984	0.000251
2725	0.000251
3590	0.000251
3377	0.000251
2165	0.000251
1265	0.000251
1477	0.000251
3085	0.000251
782 	0.000251
1099	0.000251
2934	0.000251
2752	0.000251
1102	0.000251
1402	0.000251
1424	0.000251
2120	0.000251
1901	0.000251
1539	0.000251
2663	0.000251
1812	0.000251
3443	0.000251
2160	0.000251
2401	0.000251
342 	0.000251
922 	0.000251
3791	0.000251
3160	0.000251
3273	0.000251
3951	0.000251
936 	0.000251
1212	0.000251
3213	0.000251
2924	0.000251
3260	0.000251
1451	0.000251
2365	0.000251
2856	0.000251
3373	0.000251
2379	0.000251
848 	0.000251
2083	0.000251
2858	0.000251
1575	0.000251
2887	0.000251
1121	0.000251
2974	0.000251
1169	0.000251
3301	0.000251
1670	0.000251
2356	0.000251
2845	0.000251
1830	0.000251
2559	0.000251
1679	0.000251
242 	0.000251
1294	0.000251
3004	0.000251
2686	0.000251
2557	0.000251
2929	0.000251
3064	0.000251
489 	0.000251
1219	0.000251
3435	0.000251
1908	0.000251
115 	0.000251
1008	0.000251
2497	0.000251
175 	0.000251
2622	0.000251
1766	0.000251
1878	0.000251
1751	0.000251
727 	0.000251
3234	0.000251
2637	0.000251
726 	0.000251
1127	0.000251
635 	0.000251
3416	0.000251
2416	0.000251
2912	0.000251
2005	0.000251
2578	0.000251
1646	0.000251
3573	0.000251
2374	0.000251
3907	0.000251
1396	0.000251
249 	0.000251
905 	0.000251
1177	0.000251
1464	0.000251
3768	0.000251
780 	0.000251
818 	0.000251
3841	0.000251
1142	0.000251
787 	0.000251
1500	0.000251
1681	0.000251
2638	0.000251
1672	0.000251
2035	0.000251
2272	0.000251
3599	0.000251
3833	0.000251
3144	0.000251
3029	0.000251
3933	0.000251
3306	0.000251
1527	0.000251
1936	0.000251
3884	0.000251
3340	0.000251
1796	0.000251
1904	0.000251
1895	0.000251
3438	0.000251
3921	0.000251
2495	0.000251
2386	0.000251
573 	0.000251
1578	0.000251
2480	0.000251
3264	0.000251
3909	0.000251
3499	0.000251
3383	0.000251
2023	0.000251
104 	0.000251
3326	0.000251
3662	0.000251
3237	0.000251
797 	0.000251
2260	0.000251
1526	0.000251
224 	0.000251
2010	0.000251
2645	0.000251
3169	0.000251
1321	0.000251
3615	0.000251
3711	0.000251
3822	0.000251
2756	0.000251
1942	0.000251
2620	0.000251
1240	0.000251
3645	0.000251
1418	0.000251
1737	0.000251
1441	0.000251
2815	0.000251
2074	0.000251
2057	0.000251
2737	0.000251
2897	0.000251
231 	0.000251
833 	0.000251
619 	0.000251
2370	0.000251
62  	0.000251
1564	0.000251
1445	0.000251
3138	0.000251
1306	0.000251
1195	0.000251
1738	0.000251
3337	0.000251
3142	0.000251
185 	0.000251
3065	0.000251
1889	0.000251
3714	0.000251
2020	0.000251
2022	0.000251
3642	0.000251
2216	0.000251
3546	0.000251
2648	0.000250
2549	0.000250
1   	0.000250
2075	0.000250
1927	0.000250
3166	0.000250
2556	0.000250
3316	0.000250
1655	0.000250
3364	0.000250
2889	0.000250
3294	0.000250
425 	0.000250
2308	0.000250
679 	0.000250
204 	0.000250
1734	0.000250
1935	0.000250
2202	0.000250
3208	0.000250
1541	0.000250
2061	0.000250
1649	0.000250
3242	0.000250
3535	0.000250
2108	0.000250
2843	0.000250
3009	0.000250
2405	0.000250
3236	0.000250
2531	0.000250
2576	0.000250
141 	0.000250
3380	0.000250
3384	0.000250
975 	0.000250
2006	0.000250
977 	0.000250
3601	0.000250
636 	0.000250
1260	0.000250
2859	0.000250
3823	0.000250
3157	0.000250
3043	0.000250
2760	0.000250
1929	0.000250
1355	0.000250
1542	0.000250
1877	0.000250
3193	0.000250
3164	0.000250
3285	0.000250
1422	0.000250
3554	0.000250
2681	0.000250
574 	0.000250
1292	0.000250
2115	0.000250
2408	0.000250
3042	0.000250
811 	0.000250
3648	0.000250
2485	0.000250
3343	0.000250
1641	0.000250
3881	0.000250
771 	0.000250
2744	0.000250
3199	0.000250
1653	0.000250
1257	0.000250
130 	0.000250
3374	0.000250
1508	0.000250
1225	0.000250
752 	0.000250
1638	0.000250
1082	0.000250
754 	0.000250
1552	0.000250
1587	0.000250
569 	0.000250
418 	0.000250
984 	0.000250
817 	0.000250
3110	0.000250
2614	0.000250
2393	0.000250
3108	0.000250
128 	0.000250
2965	0.000250
3391	0.000250
983 	0.000250
3828	0.000250
2851	0.000250
2789	0.000250
265 	0.000250
3139	0.000250
3471	0.000250
3014	0.000250
2957	0.000250
2525	0.000250
2099	0.000250
1582	0.000250
3379	0.000250
161 	0.000250
148 	0.000250
1143	0.000250
2086	0.000250
3847	0.000250
1397	0.000250
1036	0.000250
1190	0.000250
3528	0.000250
3023	0.000250
3390	0.000250
764 	0.000250
720 	0.000250
3486	0.000250
3860	0.000250
2484	0.000250
2237	0.000250
3547	0.000250
2489	0.000250
959 	0.000250
3470	0.000250
474 	0.000250
2122	0.000250
3463	0.000250
1228	0.000250
1198	0.000250
2995	0.000250
2432	0.000250
3421	0.000250
3067	0.000250
952 	0.000250
1398	0.000250
2286	0.000250
3123	0.000250
1434	0.000250
2539	0.000250
2612	0.000250
1841	0.000250
211 	0.000250
822 	0.000250
2277	0.000250
2159	0.000250
676 	0.000250
2197	0.000250
2831	0.000250
3799	0.000250
1987	0.000250
2566	0.000250
3103	0.000250
2823	0.000250
3998	0.000250
2476	0.000250
5   	0.000250
2809	0.000250
1501	0.000250
1138	0.000250
2835	0.000250
3459	0.000250
2426	0.000250
3430	0.000250
445 	0.000250
1965	0.000250
3564	0.000250
1091	0.000250
2654	0.000250
1112	0.000250
3740	0.000250
3964	0.000250
2765	0.000250
94  	0.000250
1299	0.000250
1695	0.000250
3706	0.000250
696 	0.000250
2067	0.000250
2048	0.000250
248 	0.000250
137 	0.000250
1805	0.000250
1007	0.000250
1763	0.000250
663 	0.000250
610 	0.000250
2985	0.000250
768 	0.000250
2209	0.000250
3809	0.000250
2626	0.000250
3135	0.000250
1167	0.000250
795 	0.000250
3480	0.000250
331 	0.000250
2657	0.000250
1180	0.000250
736 	0.000250
2307	0.000250
1150	0.000250
3760	0.000250
2628	0.000250
3069	0.000250
132 	0.000250
949 	0.000250
2656	0.000250
2519	0.000250
1704	0.000250
3728	0.000250
3915	0.000250
1351	0.000250
1241	0.000250
3780	0.000250
2847	0.000250
1997	0.000250
1944	0.000250
1903	0.000250
2212	0.000250
3643	0.000250
971 	0.000250
2453	0.000250
2357	0.000250
1387	0.000250
1201	0.000250
3858	0.000250
597 	0.000250
2697	0.000250
2359	0.000250
1356	0.000250
3095	0.000250
2181	0.000250
2523	0.000250
2791	0.000250
738 	0.000250
519 	0.000250
1633	0.000250
354 	0.000250
2708	0.000250
3050	0.000250
814 	0.000250
3786	0.000250
1340	0.000250
3635	0.000250
214 	0.000250
413 	0.000250
2673	0.000250
792 	0.000250
3105	0.000250
2297	0.000250
2684	0.000250
2727	0.000250
3949	0.000250
2820	0.000250
1457	0.000250
1188	0.000250
3667	0.000250
939 	0.000250
72  	0.000250
440 	0.000250
3474	0.000250
2467	0.000250
133 	0.000250
3024	0.000250
2941	0.000250
806 	0.000250
3852	0.000250
3048	0.000250
3532	0.000249
3405	0.000249
2164	0.000249
919 	0.000249
3300	0.000249
2055	0.000249
2587	0.000249
1733	0.000249
2577	0.000249
13  	0.000249
1108	0.000249
931 	0.000249
1266	0.000249
1615	0.000249
3292	0.000249
3538	0.000249
3359	0.000249
1870	0.000249
1696	0.000249
3621	0.000249
900 	0.000249
3432	0.000249
3867	0.000249
3602	0.000249
3238	0.000249
3895	0.000249
3228	0.000249
3967	0.000249
1990	0.000249
2830	0.000249
3   	0.000249
1213	0.000249
410 	0.000249
2109	0.000249
2114	0.000249
2261	0.000249
257 	0.000249
1072	0.000249
1968	0.000249
450 	0.000249
793 	0.000249
907 	0.000249
2997	0.000249
1635	0.000249
2455	0.000249
3286	0.000249
3510	0.000249
2829	0.000249
1452	0.000249
2709	0.000249
3759	0.000249
3707	0.000249
2761	0.000249
1000	0.000249
1285	0.000249
1308	0.000249
1900	0.000249
3549	0.000249
2797	0.000249
1832	0.000249
2534	0.000249
1503	0.000249
3982	0.000249
3254	0.000249
3170	0.000249
227 	0.000249
2110	0.000249
3021	0.000249
3483	0.000249
2552	0.000249
845 	0.000249
2574	0.000249
3563	0.000249
2192	0.000249
777 	0.000249
1829	0.000249
3484	0.000249
1907	0.000249
3679	0.000249
2981	0.000249
57  	0.000249
1411	0.000249
299 	0.000249
1914	0.000249
3189	0.000249
111 	0.000249
303 	0.000249
230 	0.000249
2082	0.000249
238 	0.000249
2954	0.000249
3490	0.000249
2469	0.000249
976 	0.000249
2731	0.000249
1202	0.000249
3718	0.000249
763 	0.000249
989 	0.000249
2688	0.000249
2563	0.000249
1981	0.000249
839 	0.000249
2983	0.000249
532 	0.000249
1952	0.000249
3539	0.000249
3524	0.000249
3536	0.000249
920 	0.000249
4014	0.000249
3752	0.000249
362 	0.000249
1287	0.000249
3497	0.000249
1989	0.000249
1931	0.000249
3866	0.000249
3040	0.000249
2846	0.000249
2193	0.000249
2726	0.000249
1139	0.000249
1728	0.000249
748 	0.000249
1747	0.000249
3518	0.000249
3357	0.000249
3896	0.000249
1749	0.000249
3855	0.000249
3165	0.000249
3491	0.000249
1606	0.000249
2179	0.000249
3249	0.000249
29  	0.000249
2077	0.000249
84  	0.000249
1053	0.000249
682 	0.000249
3402	0.000249
2562	0.000249
3624	0.000249
3210	0.000249
178 	0.000249
3566	0.000249
1045	0.000249
437 	0.000249
30  	0.000249
835 	0.000249
3312	0.000249
2234	0.000249
3500	0.000249
3753	0.000249
3318	0.000249
3392	0.000249
2098	0.000249
3151	0.000249
1055	0.000249
2238	0.000249
3557	0.000249
1723	0.000249
3061	0.000249
871 	0.000249
3032	0.000249
1855	0.000249
2948	0.000249
2011	0.000249
2346	0.000249
232 	0.000249
1216	0.000249
3775	0.000249
3325	0.000249
3670	0.000249
1953	0.000249
742 	0.000249
2907	0.000249
3093	0.000249
2733	0.000249
847 	0.000249
1315	0.000249
3687	0.000249
712 	0.000249
2967	0.000249
2249	0.000249
3167	0.000249
1097	0.000249
403 	0.000249
1400	0.000249
3482	0.000249
3047	0.000249
184 	0.000249
2641	0.000249
2477	0.000249
755 	0.000249
426 	0.000249
1698	0.000249
850 	0.000249
760 	0.000249
1957	0.000249
2627	0.000249
1382	0.000249
940 	0.000249
3028	0.000249
2486	0.000249
2390	0.000249
1073	0.000249
3485	0.000249
701 	0.000249
3850	0.000249
3399	0.000249
1379	0.000249
1562	0.000249
2316	0.000249
343 	0.000249
1484	0.000249
310 	0.000249
3533	0.000249
3763	0.000249
2427	0.000249
926 	0.000249
3512	0.000249
3626	0.000249
799 	0.000249
3710	0.000249
3969	0.000249
647 	0.000249
1963	0.000249
3583	0.000249
1481	0.000249
116 	0.000249
2882	0.000249
143 	0.000249
159 	0.000249
3013	0.000249
3697	0.000249
2076	0.000249
1103	0.000249
3066	0.000249
3244	0.000249
1815	0.000249
1325	0.000249
2717	0.000249
2036	0.000249
2291	0.000249
914 	0.000249
903 	0.000249
3784	0.000249
2213	0.000249
2953	0.000249
1676	0.000249
1058	0.000249
2119	0.000249
1023	0.000249
223 	0.000249
2987	0.000249
2415	0.000249
2918	0.000249
981 	0.000249
898 	0.000249
3776	0.000249
1599	0.000249
2418	0.000249
3309	0.000249
3246	0.000249
2217	0.000249
3903	0.000249
3155	0.000249
732 	0.000249
1801	0.000249
789 	0.000249
3937	0.000249
1030	0.000249
3730	0.000249
2639	0.000249
1033	0.000249
1433	0.000249
1739	0.000249
3698	0.000249
3109	0.000249
2353	0.000249
3944	0.000249
568 	0.000249
2407	0.000249
2535	0.000249
2554	0.000249
2046	0.000249
3767	0.000249
1999	0.000249
2532	0.000249
909 	0.000249
326 	0.000249
1244	0.000249
3979	0.000249
2633	0.000249
987 	0.000249
2311	0.000249
1524	0.000249
3153	0.000249
3761	0.000249
1043	0.000249
121 	0.000249
1896	0.000249
2876	0.000249
3770	0.000249
3880	0.000249
1279	0.000249
1461	0.000249
807 	0.000249
3015	0.000249
1336	0.000249
2089	0.000249
714 	0.000249
758 	0.000249
314 	0.000249
2933	0.000249
1499	0.000249
3515	0.000249
3569	0.000249
2878	0.000249
988 	0.000249
741 	0.000249
2162	0.000249
1701	0.000249
1906	0.000249
2723	0.000249
3683	0.000249
3636	0.000249
3102	0.000249
3659	0.000249
3960	0.000249
1934	0.000249
2303	0.000249
2585	0.000249
3792	0.000249
1232	0.000249
196 	0.000249
498 	0.000249
3726	0.000249
2710	0.000249
838 	0.000249
2000	0.000249
1286	0.000249
1152	0.000249
2850	0.000249
3664	0.000249
3616	0.000249
1700	0.000249
2977	0.000249
1798	0.000249
3802	0.000249
3785	0.000249
39  	0.000249
943 	0.000249
3957	0.000249
1710	0.000249
1293	0.000249
3503	0.000249
1848	0.000249
1556	0.000249
3190	0.000249
2403	0.000249
3720	0.000249
490 	0.000249
297 	0.000249
488 	0.000249
3929	0.000249
2579	0.000249
2682	0.000249
685 	0.000249
3458	0.000249
1365	0.000249
2685	0.000249
2658	0.000249
831 	0.000249
180 	0.000249
258 	0.000249
3068	0.000249
2893	0.000249
345 	0.000249
3578	0.000249
2034	0.000249
625 	0.000249
1144	0.000249
2310	0.000249
3862	0.000249
2306	0.000249
1118	0.000249
1342	0.000249
2572	0.000249
540 	0.000249
495 	0.000249
3671	0.000249
4004	0.000249
2766	0.000249
2373	0.000249
3543	0.000249
1572	0.000249
1389	0.000249
1629	0.000249
1015	0.000249
3835	0.000249
2490	0.000249
2360	0.000249
2208	0.000249
1922	0.000249
969 	0.000249
3608	0.000249
3088	0.000249
2421	0.000249
3349	0.000249
144 	0.000249
1310	0.000249
1792	0.000249
912 	0.000249
1316	0.000249
836 	0.000249
1154	0.000249
3192	0.000249
2314	0.000249
3476	0.000249
212 	0.000249
2248	0.000249
2961	0.000249
992 	0.000249
260 	0.000249
2705	0.000249
3914	0.000249
3634	0.000249
99  	0.000249
3509	0.000249
3713	0.000249
2805	0.000249
1140	0.000249
2041	0.000249
1532	0.000249
3209	0.000249
923 	0.000249
2456	0.000249
470 	0.000249
2170	0.000249
101 	0.000248
2837	0.000248
2821	0.000248
1550	0.000248
3796	0.000248
96  	0.000248
2970	0.000248
3941	0.000248
3156	0.000248
1094	0.000248
2591	0.000248
352 	0.000248
3888	0.000248
1081	0.000248
3358	0.000248
631 	0.000248
1090	0.000248
1958	0.000248
901 	0.000248
3462	0.000248
3269	0.000248
2771	0.000248
889 	0.000248
813 	0.000248
2747	0.000248
3623	0.000248
38  	0.000248
375 	0.000248
2097	0.000248
2903	0.000248
711 	0.000248
59  	0.000248
3845	0.000248
1087	0.000248
3774	0.000248
2942	0.000248
1873	0.000248
274 	0.000248
3817	0.000248
3517	0.000248
655 	0.000248
1089	0.000248
2769	0.000248
2515	0.000248
521 	0.000248
3200	0.000248
3504	0.000248
3656	0.000248
779 	0.000248
302 	0.000248
284 	0.000248
2891	0.000248
1625	0.000248
1654	0.000248
1814	0.000248
2136	0.000248
3701	0.000248
4017	0.000248
3762	0.000248
65  	0.000248
3530	0.000248
1364	0.000248
783 	0.000248
92  	0.000248
3551	0.000248
3620	0.000248
1880	0.000248
2044	0.000248
3229	0.000248
622 	0.000248
20  	0.000248
3571	0.000248
1248	0.000248
2349	0.000248
22  	0.000248
536 	0.000248
3771	0.000248
1822	0.000248
3703	0.000248
2096	0.000248
3958	0.000248
1956	0.000248
731 	0.000248
3901	0.000248
3045	0.000248
3994	0.000248
3163	0.000248
2790	0.000248
938 	0.000248
684 	0.000248
3818	0.000248
2321	0.000248
902 	0.000248
716 	0.000248
3832	0.000248
3600	0.000248
2017	0.000248
1930	0.000248
2935	0.000248
3995	0.000248
1042	0.000248
1134	0.000248
127 	0.000248
3898	0.000248
4021	0.000248
3725	0.000248
3743	0.000248
3638	0.000248
4038	0.000248
134 	0.000248
1218	0.000248
1174	0.000248
477 	0.000248
565 	0.000248
3519	0.000248
2888	0.000248
1401	0.000248
1141	0.000248
3527	0.000248
2383	0.000248
1151	0.000248
3130	0.000248
3356	0.000248
1478	0.000248
4000	0.000248
722 	0.000248
1517	0.000248
623 	0.000248
2670	0.000248
3904	0.000248
778 	0.000248
73  	0.000248
730 	0.000248
2861	0.000248
2895	0.000248
1137	0.000248
222 	0.000248
3507	0.000248
1333	0.000248
1116	0.000248
765 	0.000248
2804	0.000248
837 	0.000248
2454	0.000248
1468	0.000248
2258	0.000248
2450	0.000248
2262	0.000248
4027	0.000248
281 	0.000248
1601	0.000248
885 	0.000248
3241	0.000248
1234	0.000248
1773	0.000248
3520	0.000248
442 	0.000248
1050	0.000248
4020	0.000248
3522	0.000248
14  	0.000248
1840	0.000248
2770	0.000248
2545	0.000248
3194	0.000248
2402	0.000248
3478	0.000248
737 	0.000248
2274	0.000248
2251	0.000248
197 	0.000248
1115	0.000248
3425	0.000248
478 	0.000248
1378	0.000248
1764	0.000248
3548	0.000248
707 	0.000248
100 	0.000248
2301	0.000248
3141	0.000248
3493	0.000248
3658	0.000248
2255	0.000248
3418	0.000248
740 	0.000248
50  	0.000248
3614	0.000248
3682	0.000248
3878	0.000248
85  	0.000248
2186	0.000248
950 	0.000248
3789	0.000248
709 	0.000248
123 	0.000248
1961	0.000248
1890	0.000248
3859	0.000248
809 	0.000248
970 	0.000248
1928	0.000248
3591	0.000248
4002	0.000248
3916	0.000248
2019	0.000248
1093	0.000248
3243	0.000248
3133	0.000248
2105	0.000248
3627	0.000248
243 	0.000248
3837	0.000248
904 	0.000248
276 	0.000248
2479	0.000248
2779	0.000248
3772	0.000248
3660	0.000248
2130	0.000248
1438	0.000248
612 	0.000248
2947	0.000248
2678	0.000248
657 	0.000248
3736	0.000248
2652	0.000248
956 	0.000248
1263	0.000248
1915	0.000248
733 	0.000248
3251	0.000248
626 	0.000248
3868	0.000248
1784	0.000248
2265	0.000248
166 	0.000248
2926	0.000248
194 	0.000248
1708	0.000248
3622	0.000248
3099	0.000248
2834	0.000248
3452	0.000248
3618	0.000248
996 	0.000248
786 	0.000248
344 	0.000248
2025	0.000248
551 	0.000248
2794	0.000248
295 	0.000248
17  	0.000248
3388	0.000248
2141	0.000248
105 	0.000248
187 	0.000248
3574	0.000248
2070	0.000248
664 	0.000248
759 	0.000248
2400	0.000248
3894	0.000248
1869	0.000248
3812	0.000248
3769	0.000248
1044	0.000248
2435	0.000248
3908	0.000248
2522	0.000248
4026	0.000248
1476	0.000248
317 	0.000248
3646	0.000248
251 	0.000248
3428	0.000248
3039	0.000248
1203	0.000248
2990	0.000248
1933	0.000248
3161	0.000248
2701	0.000248
3262	0.000248
424 	0.000248
3972	0.000248
28  	0.000248
2362	0.000248
2424	0.000248
3159	0.000248
3644	0.000248
2650	0.000248
3492	0.000248
605 	0.000248
2513	0.000248
935 	0.000248
929 	0.000248
2687	0.000248
3986	0.000248
3197	0.000248
192 	0.000248
3863	0.000248
149 	0.000248
583 	0.000248
106 	0.000248
3652	0.000248
54  	0.000248
1489	0.000248
1039	0.000248
3216	0.000248
3580	0.000248
108 	0.000248
2439	0.000248
3887	0.000248
633 	0.000248
693 	0.000248
3414	0.000248
615 	0.000248
2811	0.000248
3777	0.000248
3473	0.000248
165 	0.000248
533 	0.000248
3632	0.000248
2524	0.000248
1884	0.000248
588 	0.000248
2884	0.000248
89  	0.000248
319 	0.000248
1756	0.000248
3446	0.000248
1254	0.000248
3754	0.000248
3940	0.000248
603 	0.000248
502 	0.000248
176 	0.000248
746 	0.000248
2606	0.000248
794 	0.000248
2816	0.000248
816 	0.000248
2080	0.000248
3439	0.000248
168 	0.000248
843 	0.000248
3587	0.000248
177 	0.000248
998 	0.000248
3997	0.000248
600 	0.000248
643 	0.000248
661 	0.000248
3290	0.000248
226 	0.000248
1664	0.000248
2634	0.000248
3694	0.000248
453 	0.000248
3976	0.000248
3441	0.000248
3663	0.000248
1381	0.000248
2651	0.000248
45  	0.000248
3315	0.000248
3250	0.000248
3450	0.000248
965 	0.000248
2886	0.000248
2959	0.000248
1602	0.000248
1162	0.000248
2703	0.000248
2166	0.000248
826 	0.000248
691 	0.000248
3227	0.000248
2802	0.000248
3531	0.000248
681 	0.000248
3544	0.000248
3678	0.000248
587 	0.000248
330 	0.000248
229 	0.000248
2008	0.000248
1463	0.000248
2466	0.000248
486 	0.000248
3654	0.000248
8   	0.000248
91  	0.000248
259 	0.000248
3641	0.000248
2051	0.000248
2227	0.000248
1974	0.000248
1084	0.000248
1164	0.000248
1220	0.000248
3696	0.000248
318 	0.000248
3685	0.000248
3893	0.000248
3083	0.000248
3477	0.000248
522 	0.000248
3905	0.000248
3778	0.000248
767 	0.000248
3012	0.000248
77  	0.000248
2972	0.000248
3757	0.000248
662 	0.000248
75  	0.000248
3727	0.000248
3988	0.000248
1249	0.000248
3724	0.000248
1592	0.000248
311 	0.000248
4009	0.000248
219 	0.000248
2281	0.000248
2487	0.000248
2584	0.000248
3585	0.000248
3917	0.000248
974 	0.000248
1057	0.000248
796 	0.000248
1168	0.000248
3934	0.000248
1771	0.000248
3970	0.000248
2452	0.000248
529 	0.000248
2113	0.000248
3607	0.000248
870 	0.000248
3843	0.000248
671 	0.000248
1777	0.000248
3314	0.000248
611 	0.000248
593 	0.000248
2320	0.000248
3739	0.000248
2908	0.000248
3472	0.000248
846 	0.000248
278 	0.000248
578 	0.000248
627 	0.000248
658 	0.000248
659 	0.000248
2050	0.000248
3631	0.000248
117 	0.000248
955 	0.000248
1368	0.000248
599 	0.000248
1838	0.000248
723 	0.000248
4019	0.000248
2388	0.000248
3827	0.000248
3913	0.000248
1821	0.000248
3502	0.000248
1607	0.000248
1038	0.000248
1147	0.000248
364 	0.000248
1949	0.000248
3805	0.000248
675 	0.000248
650 	0.000248
1992	0.000248
16  	0.000248
2917	0.000248
3920	0.000248
3745	0.000248
3092	0.000248
3773	0.000248
2175	0.000248
69  	0.000248
821 	0.000248
632 	0.000248
1354	0.000248
3217	0.000248
986 	0.000248
1133	0.000248
1295	0.000248
1797	0.000248
2609	0.000248
757 	0.000248
1713	0.000248
3271	0.000248
4   	0.000248
49  	0.000248
152 	0.000248
181 	0.000248
190 	0.000248
193 	0.000248
245 	0.000248
275 	0.000248
1417	0.000248
1711	0.000248
3673	0.000248
3128	0.000248
266 	0.000248
1748	0.000248
710 	0.000248
55  	0.000248
1363	0.000248
2801	0.000248
1061	0.000248
1301	0.000248
3498	0.000248
3235	0.000248
1568	0.000248
3371	0.000248
3461	0.000248
509 	0.000248
2514	0.000248
3447	0.000248
1978	0.000248
2312	0.000248
1069	0.000248
126 	0.000248
756 	0.000248
1319	0.000248
3283	0.000248
2205	0.000248
3323	0.000248
598 	0.000248
3637	0.000248
124 	0.000248
206 	0.000248
3044	0.000248
3890	0.000248
1063	0.000248
972 	0.000248
337 	0.000248
2971	0.000248
762 	0.000248
2503	0.000248
3053	0.000248
3333	0.000248
640 	0.000248
3661	0.000248
3819	0.000248
1648	0.000248
382 	0.000248
751 	0.000248
3996	0.000248
890 	0.000248
1874	0.000248
844 	0.000248
863 	0.000248
876 	0.000248
881 	0.000248
290 	0.000248
68  	0.000248
225 	0.000248
341 	0.000248
491 	0.000248
1788	0.000248
3423	0.000248
867 	0.000248
3202	0.000248
1251	0.000248
3657	0.000248
1493	0.000248
2015	0.000248
3598	0.000248
24  	0.000248
864 	0.000248
3675	0.000248
283 	0.000248
254 	0.000248
3655	0.000248
390 	0.000248
3063	0.000248
385 	0.000248
958 	0.000248
2305	0.000248
3382	0.000248
2066	0.000248
879 	0.000248
429 	0.000248
3978	0.000248
1194	0.000248
1264	0.000248
3121	0.000248
307 	0.000248
406 	0.000248
2527	0.000248
3665	0.000248
3999	0.000248
3427	0.000248
3338	0.000248
2270	0.000248
670 	0.000248
3305	0.000248
3457	0.000248
1950	0.000248
2263	0.000248
3923	0.000248
3912	0.000248
3603	0.000248
861 	0.000248
3436	0.000248
704 	0.000248
3806	0.000248
2358	0.000248
985 	0.000248
3595	0.000248
2776	0.000248
338 	0.000248
1443	0.000248
3814	0.000248
2444	0.000248
2613	0.000248
3839	0.000248
3494	0.000248
1977	0.000248
3882	0.000248
893 	0.000248
665 	0.000248
300 	0.000248
3735	0.000248
3537	0.000248
4013	0.000248
2016	0.000248
878 	0.000248
1031	0.000248
812 	0.000248
3567	0.000248
2746	0.000248
2021	0.000248
1853	0.000248
866 	0.000248
895 	0.000248
3963	0.000248
3985	0.000248
66  	0.000248
3112	0.000248
93  	0.000248
51  	0.000248
83  	0.000248
237 	0.000248
1297	0.000248
3513	0.000248
140 	0.000248
1731	0.000248
333 	0.000248
2879	0.000248
505 	0.000248
702 	0.000248
2158	0.000248
1200	0.000248
937 	0.000248
3874	0.000248
3479	0.000248
3562	0.000248
3613	0.000248
3649	0.000248
3695	0.000248
3883	0.000248
689 	0.000248
3630	0.000248
869 	0.000248
1442	0.000248
2437	0.000248
3619	0.000248
3742	0.000248
1498	0.000248
575 	0.000248
2900	0.000248
2528	0.000248
2012	0.000248
979 	0.000248
3840	0.000248
3681	0.000248
761 	0.000248
2695	0.000248
3552	0.000248
2   	0.000248
60  	0.000248
1005	0.000248
3481	0.000248
3523	0.000248
1640	0.000248
577 	0.000248
347 	0.000248
3308	0.000248
3389	0.000248
3647	0.000248
3815	0.000248
3892	0.000248
1157	0.000248
3787	0.000248
4037	0.000248
1239	0.000248
3932	0.000248
791 	0.000248
3465	0.000248
3579	0.000248
3030	0.000248
3834	0.000248
2014	0.000248
3334	0.000248
340 	0.000248
882 	0.000248
788 	0.000248
721 	0.000248
3889	0.000248
3993	0.000248
3755	0.000248
2182	0.000248
3712	0.000248
1759	0.000248
95  	0.000248
61  	0.000248
179 	0.000248
240 	0.000248
247 	0.000248
301 	0.000248
1353	0.000248
1693	0.000248
383 	0.000248
2714	0.000248
2952	0.000248
2975	0.000248
81  	0.000248
1760	0.000248
1937	0.000248
2178	0.000248
386 	0.000248
3751	0.000248
3801	0.000248
3816	0.000248
411 	0.000248
356 	0.000248
1887	0.000248
2177	0.000248
3281	0.000248
162 	0.000248
3788	0.000248
700 	0.000248
3008	0.000248
3715	0.000248
371 	0.000248
3058	0.000248
3398	0.000248
621 	0.000248
3981	0.000248
3368	0.000248
3606	0.000248
2699	0.000248
880 	0.000248
725 	0.000248
3516	0.000248
3541	0.000248
562 	0.000248
10  	0.000248
3977	0.000248
832 	0.000248
2094	0.000248
221 	0.000248
2982	0.000248
690 	0.000248
2013	0.000248
2898	0.000248
808 	0.000248
3370	0.000248
167 	0.000248
129 	0.000248
530 	0.000248
1186	0.000248
706 	0.000248
1802	0.000248
3973	0.000248
2496	0.000248
3795	0.000248
2245	0.000248
790 	0.000248
270 	0.000248
97  	0.000248
155 	0.000248
182 	0.000248
1002	0.000248
1105	0.000248
384 	0.000248
552 	0.000248
2998	0.000248
157 	0.000248
174 	0.000248
253 	0.000248
2106	0.000248
2548	0.000248
399 	0.000248
441 	0.000248
501 	0.000248
3954	0.000248
235 	0.000248
1865	0.000248
3975	0.000248
3708	0.000248
381 	0.000248
3367	0.000248
1905	0.000248
298 	0.000248
2852	0.000248
2256	0.000248
268 	0.000248
2568	0.000248
151 	0.000248
2493	0.000248
628 	0.000248
2963	0.000248
2632	0.000248
884 	0.000248
294 	0.000248
3375	0.000248
3429	0.000248
27  	0.000248
1510	0.000248
3310	0.000248
2422	0.000248
3953	0.000248
3588	0.000248
3444	0.000248
3849	0.000248
582 	0.000248
4018	0.000248
3352	0.000248
3122	0.000248
3218	0.000248
3354	0.000248
380 	0.000248
2580	0.000248
928 	0.000248
36  	0.000248
2599	0.000248
715 	0.000248
1439	0.000248
365 	0.000248
3094	0.000248
466 	0.000248
1924	0.000248
894 	0.000248
6   	0.000248
147 	0.000248
2774	0.000248
3055	0.000248
3074	0.000248
3127	0.000248
3270	0.000248
2621	0.000248
1996	0.000248
2565	0.000248
3925	0.000248
3848	0.000248
3749	0.000248
672 	0.000248
1490	0.000248
3783	0.000248
250 	0.000248
1506	0.000248
79  	0.000248
3857	0.000248
263 	0.000248
296 	0.000248
872 	0.000248
874 	0.000248
3143	0.000248
1474	0.000248
3952	0.000248
3991	0.000248
4011	0.000248
3311	0.000248
735 	0.000248
3594	0.000248
3581	0.000248
208 	0.000248
2692	0.000248
164 	0.000248
2732	0.000248
2930	0.000248
3126	0.000248
3131	0.000248
3180	0.000248
3181	0.000248
3322	0.000248
289 	0.000248
2481	0.000248
3781	0.000248
3946	0.000248
349 	0.000248
886 	0.000248
3424	0.000248
1022	0.000248
1111	0.000248
3266	0.000248
1631	0.000248
2799	0.000248
139 	0.000248
3936	0.000248
3766	0.000248
2252	0.000248
3865	0.000248
595 	0.000248
576 	0.000248
2798	0.000248
2230	0.000248
3876	0.000248
1892	0.000248
3666	0.000248
1579	0.000248
3668	0.000248
3639	0.000248
3919	0.000248
2899	0.000248
3871	0.000248
3928	0.000248
3175	0.000248
288 	0.000248
1414	0.000248
1775	0.000248
2442	0.000248
652 	0.000248
673 	0.000248
667 	0.000248
3565	0.000248
3669	0.000248
3700	0.000248
3765	0.000248
3813	0.000248
3864	0.000248
3911	0.000248
485 	0.000248
3467	0.000248
3560	0.000248
3575	0.000248
3589	0.000248
3688	0.000248
3689	0.000248
3691	0.000248
3717	0.000248
3744	0.000248
3942	0.000248
586 	0.000248
1455	0.000248
717 	0.000248
852 	0.000248
855 	0.000248
858 	0.000248
888 	0.000248
207 	0.000248
220 	0.000248
262 	0.000248
743 	0.000248
744 	0.000248
802 	0.000248
854 	0.000248
859 	0.000248
873 	0.000248
875 	0.000248
883 	0.000248
887 	0.000248
891 	0.000248
892 	0.000248
2860	0.000248
44  	0.000248
102 	0.000248
135 	0.000248
309 	0.000248
321 	0.000248
327 	0.000248
2814	0.000248
899 	0.000248
1233	0.000248
1252	0.000248
1362	0.000248
1430	0.000248
1521	0.000248
1546	0.000248
1558	0.000248
692 	0.000248
699 	0.000248
749 	0.000248
750 	0.000248
775 	0.000248
785 	0.000248
801 	0.000248
841 	0.000248
851 	0.000248
865 	0.000248
868 	0.000248
877 	0.000248
2671	0.000248
2721	0.000248
2736	0.000248
2808	0.000248
2817	0.000248
2824	0.000248
2855	0.000248
2902	0.000248
2922	0.000248
3059	0.000248
3091	0.000248
3147	0.000248
3282	0.000248
3317	0.000248
3372	0.000248
3376	0.000248
3401	0.000248
3413	0.000248
32  	0.000248
63  	0.000248
76  	0.000248
86  	0.000248
112 	0.000248
191 	0.000248
293 	0.000248
336 	0.000248
911 	0.000248
918 	0.000248
945 	0.000248
1016	0.000248
1027	0.000248
1046	0.000248
1065	0.000248
1071	0.000248
1096	0.000248
1119	0.000248
1145	0.000248
1176	0.000248
1206	0.000248
1208	0.000248
1253	0.000248
1270	0.000248
1276	0.000248
1326	0.000248
1372	0.000248
1386	0.000248
1394	0.000248
1403	0.000248
1466	0.000248
1560	0.000248
1581	0.000248
1586	0.000248
1627	0.000248
1755	0.000248
1834	0.000248
1854	0.000248
2704	0.000248
2740	0.000248
2691	0.000248
2722	0.000248
2767	0.000248
2788	0.000248
2792	0.000248
2842	0.000248
2857	0.000248
3006	0.000248
3031	0.000248
3037	0.000248
3071	0.000248
3125	0.000248
3134	0.000248
3183	0.000248
3230	0.000248
3268	0.000248
3336	0.000248
3407	0.000248
3408	0.000248
11  	0.000248
12  	0.000248
15  	0.000248
18  	0.000248
33  	0.000248
35  	0.000248
37  	0.000248
42  	0.000248
43  	0.000248
46  	0.000248
47  	0.000248
52  	0.000248
70  	0.000248
71  	0.000248
74  	0.000248
78  	0.000248
90  	0.000248
110 	0.000248
114 	0.000248
131 	0.000248
138 	0.000248
145 	0.000248
153 	0.000248
154 	0.000248
160 	0.000248
183 	0.000248
195 	0.000248
201 	0.000248
205 	0.000248
209 	0.000248
210 	0.000248
215 	0.000248
216 	0.000248
218 	0.000248
228 	0.000248
233 	0.000248
234 	0.000248
241 	0.000248
244 	0.000248
255 	0.000248
256 	0.000248
264 	0.000248
267 	0.000248
273 	0.000248
279 	0.000248
282 	0.000248
286 	0.000248
287 	0.000248
292 	0.000248
305 	0.000248
306 	0.000248
316 	0.000248
328 	0.000248
335 	0.000248
1034	0.000248
1224	0.000248
1262	0.000248
1383	0.000248
1395	0.000248
1486	0.000248
1856	0.000248
2980	0.000248
2838	0.000248
3003	0.000248
910 	0.000248
1346	0.000248
1651	0.000248
1657	0.000248
1690	0.000248
1762	0.000248
1776	0.000248
1967	0.000248
1969	0.000248
2167	0.000248
2380	0.000248
2441	0.000248
2517	0.000248
2885	0.000248
660 	0.000248
2079	0.000248
2100	0.000248
2168	0.000248
2195	0.000248
2204	0.000248
2219	0.000248
2269	0.000248
2375	0.000248
2382	0.000248
2431	0.000248
2457	0.000248
2470	0.000248
2483	0.000248
2505	0.000248
2541	0.000248
2569	0.000248
2595	0.000248
2596	0.000248
3489	0.000248
3572	0.000248
3653	0.000248
3676	0.000248
3686	0.000248
3899	0.000248
393 	0.000248
476 	0.000248
358 	0.000248
377 	0.000248
379 	0.000248
401 	0.000248
443 	0.000248
447 	0.000248
454 	0.000248
467 	0.000248
468 	0.000248
499 	0.000248
550 	0.000248
572 	0.000248
3445	0.000248
3451	0.000248
3453	0.000248
3570	0.000248
3582	0.000248
3597	0.000248
3650	0.000248
3699	0.000248
3704	0.000248
3709	0.000248
3716	0.000248
3729	0.000248
3732	0.000248
3746	0.000248
3748	0.000248
3798	0.000248
3807	0.000248
3808	0.000248
3811	0.000248
3820	0.000248
3844	0.000248
3846	0.000248
3853	0.000248
3854	0.000248
3856	0.000248
3875	0.000248
3879	0.000248
3885	0.000248
3897	0.000248
3910	0.000248
3922	0.000248
3935	0.000248
3939	0.000248
3955	0.000248
3959	0.000248
3965	0.000248
3974	0.000248
571 	0.000248
581 	0.000248
585 	0.000248
602 	0.000248
607 	0.000248
608 	0.000248
613 	0.000248
624 	0.000248
638 	0.000248
642 	0.000248
648 	0.000248
668 	0.000248
674 	0.000248
448 	0.000248
3733	0.000248
3983	0.000248
3984	0.000248
3987	0.000248
3990	0.000248
3992	0.000248
4001	0.000248
4003	0.000248
4005	0.000248
4006	0.000248
4007	0.000248
4008	0.000248
4010	0.000248
4012	0.000248
4015	0.000248
4016	0.000248
4022	0.000248
4024	0.000248
4025	0.000248
4028	0.000248
4029	0.000248
4032	0.000248
4033	0.000248
4034	0.000248
4035	0.000248
4036	0.000248
656 	0.000248
